0 0.7760474537037038 0.8831655092592593 0.3174884259259258 0.23366898148148146
0 0.7451851851851852 0.7548958333333333 0.09469907407407412 0.07344907407407408
0 0.5666550925925926 0.7260474537037037 0.09912037037037039 0.09548611111111108
0 0.525625 0.8101215277777778 0.1291782407407407 0.1032754629629629
0 0.39623842592592595 0.6396296296296297 0.13910879629629633 0.11313657407407404
0 0.49112847222222217 0.6649247685185184 0.06915509259259274 0.08925925925925923
0 0.11196759259259259 0.5966782407407407 0.14231481481481484 0.08837962962962961
0 0.0919675925925926 0.6494212962962963 0.1839351851851852 0.12384259259259256
0 0.05592592592592592 0.7062326388888889 0.11185185185185184 0.12496527777777774
0 0.23736111111111113 0.7552083333333334 0.253912037037037 0.13155092592592582
0 0.07814236111111111 0.8333506944444444 0.15628472222222223 0.13857638888888885
0 0.21638888888888888 0.8975289351851853 0.1493981481481482 0.10276620370370396
0 0.35680555555555554 0.9483912037037037 0.17275462962962962 0.10321759259259267
0 0.37394097222222217 0.8704340277777778 0.19755787037037037 0.10059027777777771
0 0.5334375 0.9163194444444445 0.16550925925925916 0.16435185185185192
0 0.25069444444444444 0.6360011574074074 0.12817129629629634 0.1125694444444445