0 0.8609375 0.85625 0.278125 0.2875
0 0.8046875 0.68828125 0.08515625 0.06171875
0 0.62421875 0.684375 0.0875 0.0828125
0 0.59609375 0.7734375 0.11640625 0.0875
0 0.44296875 0.62265625 0.12421875 0.0953125
0 0.540625 0.634375 0.0578125 0.08125
0 0.15625 0.61953125 0.13203125 0.06953125
0 0.11953125 0.678125 0.22109375 0.09375
0 0.0828125 0.73984375 0.165625 0.10390625
0 0.303125 0.75859375 0.23984375 0.0984375
0 0.12890625 0.86171875 0.196875 0.1109375
0 0.303125 0.90234375 0.1375 0.08359375
0 0.4515625 0.94609375 0.15703125 0.1078125
0 0.4546875 0.85390625 0.18671875 0.075
0 0.61953125 0.8765625 0.14375 0.14375
0 0.29921875 0.6390625 0.1140625 0.096875