0 0.840769675925926 0.8447395833333333 0.29890046296296297 0.28003472222222214
0 0.7958796296296297 0.6918055555555556 0.08956018518518523 0.06916666666666664
0 0.6160706018518518 0.6793923611111111 0.09440972222222221 0.09114583333333322
0 0.5823379629629629 0.766875 0.12258101851851855 0.09802083333333336
0 0.43895833333333334 0.6090972222222222 0.13201388888888896 0.1060416666666665
0 0.5359664351851852 0.6249131944444445 0.06468749999999997 0.085798611111111
0 0.15284722222222222 0.592013888888889 0.1365162037037037 0.08114583333333343
0 0.11497106481481481 0.6475520833333334 0.22112268518518516 0.11427083333333332
0 0.08181712962962963 0.707673611111111 0.15398148148148147 0.11902777777777782
0 0.29145254629629636 0.7381770833333333 0.24773148148148144 0.12111111111111103
0 0.11087384259259259 0.8328298611111112 0.20561342592592596 0.129548611111111
0 0.28235532407407404 0.8813715277777778 0.14444444444444446 0.0969444444444445
0 0.42649884259259263 0.9313020833333333 0.16494212962962962 0.12239583333333356
0 0.4367650462962963 0.8404340277777778 0.19283564814814813 0.09177083333333336
0 0.5995138888888889 0.8704166666666666 0.15425925925925926 0.156527777777778
0 0.2944733796296296 0.6185590277777778 0.12108796296296295 0.1073611111111111