0 0.521875 0.5234375 0.23359375 0.1734375
0 0.109375 0.35859375 0.1921875 0.1609375
0 0.4390625 0.11015625 0.21953125 0.11875
0 0.5109375 0.28828125 0.22421875 0.15078125
0 0.94453125 0.3015625 0.1109375 0.2328125
0 0.7828125 0.4125 0.14453125 0.10390625
0 0.83984375 0.62734375 0.09765625 0.09296875
0 0.82109375 0.76328125 0.165625 0.1171875
0 0.0703125 0.7328125 0.140625 0.203125
0 0.296875 0.9375 0.2046875 0.125
0 0.4703125 0.94765625 0.09453125 0.1046875
0 0.87890625 0.92109375 0.2 0.12578125
0 0.0734375 0.9390625 0.14609375 0.11328125
0 0.77109375 0.15078125 0.1734375 0.1328125
0 0.31015625 0.49609375 0.17109375 0.1359375