0 0.2359375 0.65390625 0.471875 0.6921875
0 0.43515625 0.43046875 0.028125 0.1390625
0 0.79765625 0.3953125 0.04296875 0.15390625
0 0.946875 0.3984375 0.04609375 0.1359375
0 0.68515625 0.65078125 0.134375 0.11328125
0 0.634375 0.60546875 0.0984375 0.0859375
0 0.57578125 0.56875 0.1609375 0.08125
0 0.925 0.61328125 0.15 0.1890625
0 0.803125 0.5203125 0.23046875 0.0734375
0 0.53203125 0.50234375 0.15859375 0.0671875
0 0.5859375 0.4390625 0.1703125 0.0796875
0 0.3640625 0.40625 0.0546875 0.121875
0 0.8921875 0.428125 0.04296875 0.09609375