0 0.27468750000000003 0.65390625 0.5128935185185185 0.6921875
0 0.4606655092592592 0.4530324074074074 0.036365740740740726 0.14052083333333326
0 0.8210821759259259 0.43667245370370367 0.05282407407407419 0.15539351851851854
0 0.970486111111111 0.44753472222222224 0.05493055555555557 0.13836805555555554
0 0.7237210648148148 0.6863078703703704 0.14104166666666665 0.11946759259259263
0 0.6702546296296296 0.6383622685185185 0.10353009259259274 0.09104166666666665
0 0.6094849537037037 0.5986053240740741 0.16575231481481473 0.08959490740740747
0 0.9403703703703703 0.661244212962963 0.11925925925925931 0.19684027777777793
0 0.8339583333333334 0.5619560185185185 0.23560185185185176 0.0854282407407407
0 0.5617997685185185 0.5299305555555556 0.16335648148148146 0.07545138888888889
0 0.6119560185185186 0.46944444444444444 0.17503472222222224 0.08851851851851862
0 0.38813657407407404 0.4251273148148148 0.06190972222222228 0.1247106481481481
0 0.9175578703703703 0.47438657407407414 0.04949074074074069 0.09914351851851855