0 0.2753125 0.590625 0.5387731481481481 0.78125
0 0.4647280092592593 0.41796875 0.06358796296296294 0.1421875
0 0.8270543981481481 0.46484375 0.08128472222222242 0.159375
0 0.9669241898148148 0.5015625 0.06615162037037052 0.1421875
0 0.6672685185185185 0.68828125 0.1604166666666668 0.140625
0 0.62578125 0.6328125 0.11877314814814817 0.10625
0 0.5759085648148148 0.584375 0.178425925925926 0.115625
0 0.9057291666666668 0.70625 0.18854166666666644 0.2171875
0 0.8080555555555555 0.58828125 0.24428240740740748 0.1234375
0 0.5455613425925925 0.509375 0.17332175925925916 0.1015625
0 0.6112905092592593 0.46015625 0.18780092592592582 0.115625
0 0.3994849537037037 0.378125 0.08513888888888888 0.13125
0 0.9137847222222222 0.51796875 0.0671180555555555 0.103125