0 0.74140625 0.44921875 0.16328125 0.16015625
0 0.8859375 0.42578125 0.1296875 0.103125
0 0.7484375 0.246875 0.14140625 0.14296875
0 0.5046875 0.084375 0.25625 0.10546875
0 0.2296875 0.1359375 0.20625 0.2140625
0 0.13984375 0.3484375 0.2203125 0.1140625
0 0.32578125 0.39453125 0.1671875 0.084375
0 0.15703125 0.52109375 0.190625 0.0875
0 0.30546875 0.6234375 0.11953125 0.04765625
0 0.3828125 0.51328125 0.04765625 0.0890625
0 0.1703125 0.77734375 0.153125 0.1
0 0.3296875 0.775 0.15546875 0.09296875
0 0.49296875 0.7765625 0.16484375 0.09375
0 0.48828125 0.9015625 0.153125 0.053125
0 0.7953125 0.846875 0.303125 0.27421875
0 0.90546875 0.24609375 0.1734375 0.1453125
0 0.75390625 0.06640625 0.13515625 0.10546875
0 0.91328125 0.07734375 0.1734375 0.0828125
0 0.9765625 0.43359375 0.046875 0.10234375
0 0.9671875 0.7640625 0.06484375 0.11640625
0 0.95859375 0.9515625 0.0828125 0.096875
0 0.0484375 0.8859375 0.096875 0.0671875
0 0.0484375 0.76953125 0.09609375 0.09609375