0 0.7183680555555556 0.4254571759259259 0.19482638888888887 0.1947106481481482
0 0.8569965277777778 0.37875000000000003 0.14968749999999992 0.13091435185185185
0 0.69078125 0.22450810185185185 0.16934027777777771 0.1720949074074074
0 0.42296875 0.10399884259259258 0.27527777777777784 0.16118055555555558
0 0.16052083333333333 0.19941550925925927 0.24930555555555559 0.25722222222222224
0 0.11416666666666667 0.4230266203703703 0.22833333333333333 0.1616782407407406
0 0.2990451388888889 0.4388310185185185 0.1822222222222222 0.11938657407407405
0 0.15416666666666665 0.5908912037037037 0.20583333333333337 0.12789351851851852
0 0.31817708333333333 0.6684548611111112 0.128125 0.07406250000000014
0 0.3756076388888889 0.5466377314814815 0.0662152777777778 0.09877314814814823
0 0.21034722222222219 0.8419386574074075 0.17159722222222218 0.13312499999999972
0 0.3673263888888889 0.8137557870370371 0.17298611111111112 0.1253587962962964
0 0.5289236111111111 0.7888368055555557 0.1824305555555556 0.12876157407407404
0 0.5449305555555556 0.9128298611111111 0.16274305555555557 0.08601851851851841
0 0.8232118055555556 0.8085011574074074 0.32600694444444434 0.3360069444444445
0 0.8453645833333333 0.19859953703703703 0.20232638888888915 0.1808796296296296
0 0.6646180555555555 0.06503472222222222 0.15513888888888888 0.09516203703703704
0 0.8235243055555556 0.05567129629629629 0.18732638888888892 0.06800925925925927
0 0.9478298611111111 0.3720601851851852 0.06805555555555572 0.11131944444444448
0 0.9679340277777777 0.6986516203703703 0.03718749999999993 0.12758101851851844
0 0.10911458333333332 0.9620717592592593 0.10954861111111111 0.07585648148148146
0 0.08890625 0.8539756944444445 0.11499999999999999 0.11583333333333315