0 0.4890625 0.5875 0.415625 0.746875
0 0.89296875 0.69140625 0.2140625 0.3734375
0 0.8453125 0.55078125 0.30859375 0.3375
0 0.84921875 0.24609375 0.16953125 0.17890625
0 0.709375 0.359375 0.196875 0.16640625
0 0.93984375 0.31015625 0.1203125 0.0984375
0 0.9 0.39453125 0.19921875 0.1203125
0 0.20625 0.4921875 0.26484375 0.21875
0 0.146875 0.8171875 0.29375 0.26875
0 0.1 0.34296875 0.1203125 0.0921875
0 0.18203125 0.20390625 0.06640625 0.09375
0 0.090625 0.20625 0.06640625 0.10234375
0 0.371875 0.2296875 0.0890625 0.0703125
0 0.6265625 0.228125 0.07421875 0.08828125
0 0.69140625 0.25625 0.05390625 0.07421875