0 0.54453125 0.82109375 0.9109375 0.3578125
0 0.04609375 0.765625 0.0921875 0.46875
0 0.39609375 0.53984375 0.5234375 0.29609375
0 0.69609375 0.3234375 0.3125 0.19453125
0 0.90625 0.39296875 0.1875 0.303125
0 0.71171875 0.56953125 0.46171875 0.3640625
0 0.1796875 0.1734375 0.340625 0.20859375
0 0.4234375 0.10703125 0.27578125 0.16015625
0 0.44296875 0.246875 0.3546875 0.171875
0 0.6453125 0.18046875 0.353125 0.1078125
0 0.59921875 0.071875 0.3546875 0.14375
0 0.109375 0.3578125 0.21796875 0.14296875
0 0.30859375 0.3515625 0.33828125 0.153125