0 0.4674884259259259 0.7697395833333334 0.9349768518518518 0.46045138888888887
0 0.03561342592592592 0.6723958333333334 0.07122685185185185 0.48020833333333324
0 0.3636863425925926 0.5108506944444444 0.5905671296296297 0.4032986111111111
0 0.7076851851851853 0.34791666666666665 0.35671296296296295 0.25763888888888886
0 0.8747106481481481 0.4526736111111111 0.2188194444444445 0.33729166666666666
0 0.662974537037037 0.5931597222222222 0.5465277777777778 0.4569444444444445
0 0.24109375000000002 0.12588541666666667 0.3865625 0.25177083333333333
0 0.493912037037037 0.09847222222222222 0.312175925925926 0.19694444444444445
0 0.4797106481481482 0.2296875 0.39348379629629626 0.2444097222222222
0 0.692806712962963 0.19842013888888888 0.3761805555555554 0.18159722222222224
0 0.6728587962962963 0.09611111111111112 0.38553240740740746 0.19222222222222224
0 0.1289236111111111 0.28274305555555557 0.25002314814814813 0.18659722222222222
0 0.3241377314814815 0.31039930555555556 0.37211805555555555 0.22364583333333332